{
 "cells": [
  {
   "cell_type": "markdown",
   "metadata": {},
   "source": [
    "# KITTI Raw Dataset\n",
    "\n",
    "> see dataset [link](http://www.cvlibs.net/datasets/kitti/eval_depth.php?benchmark=depth_prediction)      \n",
    "> Note: I use this dataset for multi-view stereo depth prediction. Therefore, the depth label is the main thing I focus on."
   ]
  },
  {
   "cell_type": "markdown",
   "metadata": {},
   "source": [
    "## 1. Introduction"
   ]
  },
  {
   "cell_type": "markdown",
   "metadata": {},
   "source": [
    "### 1.1 Sensor Setup\n",
    "\n",
    "See the following figure \n",
    "\n",
    "<img src=\"../files/kitti-sensor-setup.png\" alt=\"drawing\" width=\"700\"/>"
   ]
  },
  {
   "cell_type": "markdown",
   "metadata": {},
   "source": [
    "### 1.2 Dataset Information\n",
    "\n",
    "- See this main paper: [Vision meets Robotics: The KITTI Dataset](http://www.cvlibs.net/publications/Geiger2013IJRR.pdf).\n",
    "- The color cameras lack in terms of resolution due to the Bayer pattern interpolation process and are less sensitive to light. This is the reason why we use two stereo camera rigs, one for grayscale and one for color. The baseline of both stereo camera rigs is approximately 54 cm.\n",
    "- The raw data set is divided into the categories ’Road’, ’City’, ’Residential’, ’Campus’ and ’Person’.\n",
    "- For each sequence, we provide the raw data, object annotations in form of 3D bounding box tracklets and a calibration file, as illustrated in Fig. 4. \n",
    "- Our recordings have taken place on the 26th, 28th, 29th, 30th of September and on the 3rd of October 2011 during daytime.\n",
    "- The total size of the provided data is 180 GB.\n"
   ]
  },
  {
   "cell_type": "markdown",
   "metadata": {},
   "source": [
    "<img src=\"../files/kitti-raw-file-structure.png\" alt=\"drawing\" width=\"600\"/>"
   ]
  },
  {
   "cell_type": "markdown",
   "metadata": {},
   "source": [
    "## 2. Sensor Calibration"
   ]
  },
  {
   "cell_type": "markdown",
   "metadata": {},
   "source": [
    "### 2.1 Camera Calibration"
   ]
  },
  {
   "cell_type": "markdown",
   "metadata": {},
   "source": [
    "NOTE:\n",
    "- Reference camera is camera 0, other cameras are denoted as camera i-th.\n",
    "- \"unsynced+unrectified\" refers to the raw input frames where images are distorted and the frame indices do not correspond, while \"synced+rectified\" refers to the processed data where images have been rectified and undistorted and where the data frame numbers correspond across all sensor streams. For both settings, files with timestamps are provided. Most people require only the \"synced+rectified\" version of the files.\n",
    "\n",
    "More detailed information about the sensors, data format and calibration can be found here:\n",
    "\n",
    "Note that all camera centers are aligned, i.e., they lie on the same x/y-plane. This is important as it allows us to rectify all images jointly.\n",
    "\n",
    "The calibration parameters for each day are stored in row-major order in `calib_cam_to_cam.txt` using the following notation:\n",
    "\n",
    "<img src=\"../files/kitti-notation.png\" alt=\"drawing\" width=\"400\"/>"
   ]
  },
  {
   "cell_type": "markdown",
   "metadata": {},
   "source": [
    "`Notation:` In the following, we write scalars in lower-case letters (a), vectors in bold lower-case ($\\mathbf{a}$) and matrices using bold-face capitals ($\\mathbf{A}$). 3D rigid-body transformations which take points from coordinate system `a` to coordinate system `b` will be denoted by $\\mathbf{T}^b_a$, with $\\mathbf{T}$ for `'transformation'.`\n",
    "\n",
    "Here, $i \\in \\{0, 1, 2, 3\\}$ is the camera index, where 0 represents the left grayscale, 1 the right grayscale, `2` the left color and `3` the right color camera. Note that the variable definitions are compliant with the OpenCV library, which we used for warping the images. When working with the synchronized\n",
    "and rectified datasets only the variables with `rect`-subscript are relevant. Note that due to the pincushion distortion effect the images have been cropped such that the size of the rectified images (`1242 × 375`) is smaller than the original size of `1392 × 512` pixels."
   ]
  },
  {
   "cell_type": "markdown",
   "metadata": {},
   "source": [
    "CCJ's understanding: `Rectified camera`, you can consider it as, for example, we rotate the camera 2 and 3 so that the dirsparity between the stereo pair is along horizontal, as shown \n",
    "\n",
    "<img src=\"../files/stereo-rectification.png\" alt=\"drawing\" width=\"200\"/>\n",
    "\n",
    "CCJ: I like this notation from Intro-to-Robotics, see [my another note](https://github.com/ccj5351/studynotes/blob/master/stereo-matching/transformations.md).\n",
    "\n",
    "- Rectified camera coordinated to image in Eq. (3): \n",
    "- Reference camera (i.e., camera 0) coordinated to image in Eq. (5). "
   ]
  },
  {
   "cell_type": "markdown",
   "metadata": {},
   "source": [
    "<img src=\"../files/kitti-cam-2-img.png\" alt=\"drawing\" width=\"450\"/>"
   ]
  },
  {
   "cell_type": "markdown",
   "metadata": {},
   "source": [
    "- By CCJ: I do not think the notation in Eq. (5) is clear enough. For example, I think it will be better to see $$R_\\text{rect}^{(0)} \\rightarrow R^\\text{rect_cam(0)}_{\\text{unrect_cam(0)}}$$\n",
    "- See the following notes for details."
   ]
  },
  {
   "cell_type": "markdown",
   "metadata": {},
   "source": [
    "### 2.2 Velodyne Calibration"
   ]
  },
  {
   "cell_type": "markdown",
   "metadata": {},
   "source": [
    "We have registered the Velodyne laser scanner with respect to the `reference camera coordinate system (camera 0)` by initializing the rigid body transformation using [Ref. 11](http://www.cvlibs.net/publications/Geiger2012ICRA.pdf). Next, we optimized an error criterion based on the Euclidean distance of 50 manually selected correspondences and a robust measure on the disparity error with respect to the 3 top performing stereo methods in the KITTI stereo benchmark [Ref 8](http://www.cs.toronto.edu/~urtasun/publications/geiger_et_al_cvpr12.pdf). The optimization was carried out using Metropolis-Hastings sampling.\n",
    "\n",
    "- The rigid body transformation from Velodyne coordinates to camera coordinates: Eq (6) and (7)\n",
    "- The rigid body transformation from IMU coordinates to camera coordinates: Eq (8)"
   ]
  },
  {
   "cell_type": "markdown",
   "metadata": {},
   "source": [
    "<img src=\"../files/kitti-velodyne2came.png\" alt=\"drawing\" width=\"500\"/>"
   ]
  },
  {
   "cell_type": "markdown",
   "metadata": {},
   "source": [
    "### 2.3 CCJ's Notes with Detailed Notations"
   ]
  },
  {
   "cell_type": "markdown",
   "metadata": {},
   "source": [
    "- General notation and definition"
   ]
  },
  {
   "cell_type": "markdown",
   "metadata": {},
   "source": [
    "<img src=\"../files/kt-raw-IMG_0182.jpg\" alt=\"drawing\" width=\"700\"/>"
   ]
  },
  {
   "cell_type": "markdown",
   "metadata": {},
   "source": [
    "- 3D point in rectified (rotated) reference camera coordinates to i-th image by Eq. (3)."
   ]
  },
  {
   "cell_type": "markdown",
   "metadata": {},
   "source": [
    "<img src=\"../files/kt-raw-IMG_0183.jpg\" alt=\"drawing\" width=\"700\"/>"
   ]
  },
  {
   "cell_type": "markdown",
   "metadata": {},
   "source": [
    "- 3D point in unrectified reference camera coordinates to i-th image by Eq. (5)."
   ]
  },
  {
   "cell_type": "markdown",
   "metadata": {},
   "source": [
    "<img src=\"../files/kt-raw-IMG_0184.jpg\" alt=\"drawing\" width=\"700\"/>"
   ]
  },
  {
   "cell_type": "markdown",
   "metadata": {},
   "source": [
    "- 3D point in Velodyne coordinates to i-th image by Eq. (7)."
   ]
  },
  {
   "cell_type": "markdown",
   "metadata": {},
   "source": [
    "<img src=\"../files/kt-raw-IMG_0185.jpg\" alt=\"drawing\" width=\"700\"/>"
   ]
  },
  {
   "cell_type": "markdown",
   "metadata": {},
   "source": [
    "- 3D point in IMU/GPS coordinates to i-th image by Eq. (8)."
   ]
  },
  {
   "cell_type": "markdown",
   "metadata": {},
   "source": [
    "<img src=\"../files/kt-raw-IMG_0186.jpg\" alt=\"drawing\" width=\"700\"/>"
   ]
  },
  {
   "cell_type": "markdown",
   "metadata": {},
   "source": [
    "- Loading matrices beforementioned from `txt` files"
   ]
  },
  {
   "cell_type": "markdown",
   "metadata": {},
   "source": [
    "<img src=\"../files/kt-raw-IMG_0188.jpg\" alt=\"drawing\" width=\"600\"/>"
   ]
  },
  {
   "cell_type": "markdown",
   "metadata": {},
   "source": [
    "## 3. Annotated Depth"
   ]
  },
  {
   "cell_type": "markdown",
   "metadata": {},
   "source": [
    "### 3.1 Depth Ground Truth from KITTI Depth Prediction Evaluation\n",
    "\n",
    "KITTI provides the annoated depth for depth completion and depth prediction evaluation benchmark."
   ]
  },
  {
   "cell_type": "markdown",
   "metadata": {},
   "source": [
    "### 3.2 Depth inferred by Projecting 3D Velodyne Point Clouds\n",
    "Using the equations beforementioned, to project LiDAR points to camera points."
   ]
  },
  {
   "cell_type": "markdown",
   "metadata": {},
   "source": [
    "## 4. Code for Projection among Different Coordinates "
   ]
  },
  {
   "cell_type": "markdown",
   "metadata": {},
   "source": [
    "Please see the original code at [pykitti](https://github.com/utiasSTARS/pykitti/tree/d3e1bb81676e831886726cc5ed79ce1f049aef2c). \n",
    "\n",
    "The following are some examples to provide a high level understanding of how to do transformation among those coordinates.\n",
    "\n",
    "Let us use this example: `kitti_raw/rawdata/2011_09_26/2011_09_26_drive_0001_sync`"
   ]
  },
  {
   "cell_type": "code",
   "execution_count": 1,
   "metadata": {},
   "outputs": [],
   "source": [
    "import os\n",
    "import numpy as np\n",
    "\n",
    "# Change this to the directory where you store KITTI data\n",
    "my_base_path = '/media/ccjData3_HDD/datasets/kitti_raw/rawdata'\n",
    "# Specify the dataset to load\n",
    "date = '2011_09_26'\n",
    "drive = '0001'\n",
    "dataset = 'sync'\n",
    "\n",
    "my_drive = date + '_drive_' + drive + '_' + dataset\n",
    "my_calib_path = os.path.join(my_base_path, date)\n",
    "my_data_path = os.path.join(my_base_path, date, my_drive)"
   ]
  },
  {
   "cell_type": "markdown",
   "metadata": {},
   "source": [
    "- read_calib_file: `pykitti-raw/pykitti/utils.py`"
   ]
  },
  {
   "cell_type": "code",
   "execution_count": 2,
   "metadata": {},
   "outputs": [],
   "source": [
    "def read_calib_file(filepath):\n",
    "    \"\"\"Read in a calibration file and parse into a dictionary.\"\"\"\n",
    "    data = {}\n",
    "\n",
    "    with open(filepath, 'r') as f:\n",
    "        for line in f.readlines():\n",
    "            key, value = line.split(':', 1)\n",
    "            # The only non-float values in these files are dates, which\n",
    "            # we don't care about anyway\n",
    "            try:\n",
    "                data[key] = np.array([float(x) for x in value.split()])\n",
    "            except ValueError:\n",
    "                pass\n",
    "\n",
    "    return data"
   ]
  },
  {
   "cell_type": "markdown",
   "metadata": {},
   "source": [
    "- `utils.transform_from_rot_trans()` function: `pykitti-raw/pykitti/utils.py`"
   ]
  },
  {
   "cell_type": "code",
   "execution_count": 3,
   "metadata": {},
   "outputs": [],
   "source": [
    "def transform_from_rot_trans(R, t):\n",
    "    \"\"\"Transforation matrix from rotation matrix and translation vector.\"\"\"\n",
    "    R = R.reshape(3, 3)\n",
    "    t = t.reshape(3, 1)\n",
    "    return np.vstack((np.hstack([R, t]), [0, 0, 0, 1]))"
   ]
  },
  {
   "cell_type": "markdown",
   "metadata": {},
   "source": [
    "This is an example of `calib_cam_to_cam.txt` file:\n",
    "\n",
    "```plain\n",
    "calib_time: 09-Jan-2012 13:57:47\n",
    "corner_dist: 9.950000e-02\n",
    "S_00: 1.392000e+03 5.120000e+02\n",
    "K_00: 9.842439e+02 0.000000e+00 6.900000e+02 0.000000e+00 9.808141e+02 2.331966e+02 0.000000e+00 0.000000e+00 1.000000e+00\n",
    "D_00: -3.728755e-01 2.037299e-01 2.219027e-03 1.383707e-03 -7.233722e-02\n",
    "R_00: 1.000000e+00 0.000000e+00 0.000000e+00 0.000000e+00 1.000000e+00 0.000000e+00 0.000000e+00 0.000000e+00 1.000000e+00\n",
    "T_00: 2.573699e-16 -1.059758e-16 1.614870e-16\n",
    "S_rect_00: 1.242000e+03 3.750000e+02\n",
    "R_rect_00: 9.999239e-01 9.837760e-03 -7.445048e-03 -9.869795e-03 9.999421e-01 -4.278459e-03 7.402527e-03 4.351614e-03 9.999631e-01\n",
    "P_rect_00: 7.215377e+02 0.000000e+00 6.095593e+02 0.000000e+00 0.000000e+00 7.215377e+02 1.728540e+02 0.000000e+00 0.000000e+00 0.000000e+00 1.000000e+00 0.000000e+00\n",
    "S_01: 1.392000e+03 5.120000e+02\n",
    "K_01: 9.895267e+02 0.000000e+00 7.020000e+02 0.000000e+00 9.878386e+02 2.455590e+02 0.000000e+00 0.000000e+00 1.000000e+00\n",
    "D_01: -3.644661e-01 1.790019e-01 1.148107e-03 -6.298563e-04 -5.314062e-02\n",
    "R_01: 9.993513e-01 1.860866e-02 -3.083487e-02 -1.887662e-02 9.997863e-01 -8.421873e-03 3.067156e-02 8.998467e-03 9.994890e-01\n",
    "T_01: -5.370000e-01 4.822061e-03 -1.252488e-02\n",
    "S_rect_01: 1.242000e+03 3.750000e+02\n",
    "R_rect_01: 9.996878e-01 -8.976826e-03 2.331651e-02 8.876121e-03 9.999508e-01 4.418952e-03 -2.335503e-02 -4.210612e-03 9.997184e-01\n",
    "P_rect_01: 7.215377e+02 0.000000e+00 6.095593e+02 -3.875744e+02 0.000000e+00 7.215377e+02 1.728540e+02 0.000000e+00 0.000000e+00 0.000000e+00 1.000000e+00 0.000000e+00\n",
    "S_02: 1.392000e+03 5.120000e+02\n",
    "K_02: 9.597910e+02 0.000000e+00 6.960217e+02 0.000000e+00 9.569251e+02 2.241806e+02 0.000000e+00 0.000000e+00 1.000000e+00\n",
    "D_02: -3.691481e-01 1.968681e-01 1.353473e-03 5.677587e-04 -6.770705e-02\n",
    "R_02: 9.999758e-01 -5.267463e-03 -4.552439e-03 5.251945e-03 9.999804e-01 -3.413835e-03 4.570332e-03 3.389843e-03 9.999838e-01\n",
    "T_02: 5.956621e-02 2.900141e-04 2.577209e-03\n",
    "S_rect_02: 1.242000e+03 3.750000e+02\n",
    "R_rect_02: 9.998817e-01 1.511453e-02 -2.841595e-03 -1.511724e-02 9.998853e-01 -9.338510e-04 2.827154e-03 9.766976e-04 9.999955e-01\n",
    "P_rect_02: 7.215377e+02 0.000000e+00 6.095593e+02 4.485728e+01 0.000000e+00 7.215377e+02 1.728540e+02 2.163791e-01 0.000000e+00 0.000000e+00 1.000000e+00 2.745884e-03\n",
    "S_03: 1.392000e+03 5.120000e+02\n",
    "K_03: 9.037596e+02 0.000000e+00 6.957519e+02 0.000000e+00 9.019653e+02 2.242509e+02 0.000000e+00 0.000000e+00 1.000000e+00\n",
    "D_03: -3.639558e-01 1.788651e-01 6.029694e-04 -3.922424e-04 -5.382460e-02\n",
    "R_03: 9.995599e-01 1.699522e-02 -2.431313e-02 -1.704422e-02 9.998531e-01 -1.809756e-03 2.427880e-02 2.223358e-03 9.997028e-01\n",
    "T_03: -4.731050e-01 5.551470e-03 -5.250882e-03\n",
    "S_rect_03: 1.242000e+03 3.750000e+02\n",
    "R_rect_03: 9.998321e-01 -7.193136e-03 1.685599e-02 7.232804e-03 9.999712e-01 -2.293585e-03 -1.683901e-02 2.415116e-03 9.998553e-01\n",
    "P_rect_03: 7.215377e+02 0.000000e+00 6.095593e+02 -3.395242e+02 0.000000e+00 7.215377e+02 1.728540e+02 2.199936e+00 0.000000e+00 0.000000e+00 1.000000e+00 2.729905e-03\n",
    "```"
   ]
  },
  {
   "cell_type": "markdown",
   "metadata": {},
   "source": [
    "Let's try to read some matrices using the following code:"
   ]
  },
  {
   "cell_type": "markdown",
   "metadata": {},
   "source": [
    "- Read files for the raw matrices"
   ]
  },
  {
   "cell_type": "code",
   "execution_count": 4,
   "metadata": {},
   "outputs": [
    {
     "name": "stdout",
     "output_type": "stream",
     "text": [
      "===> Read files for the raw matrices\n",
      "data[R_00] (i.e., camera 0 --> camera 0(as ref)) = \n",
      "[[1. 0. 0. 0.]\n",
      " [0. 1. 0. 0.]\n",
      " [0. 0. 1. 0.]\n",
      " [0. 0. 0. 1.]]\n",
      "\n",
      "data[R_10] (i.e., camera 0 --> camera 1(as ref)) = \n",
      "[[ 0.9993513   0.01860866 -0.03083487  0.        ]\n",
      " [-0.01887662  0.9997863  -0.00842187  0.        ]\n",
      " [ 0.03067156  0.00899847  0.999489    0.        ]\n",
      " [ 0.          0.          0.          1.        ]]\n",
      "\n",
      "data[R_20] (i.e., camera 0 --> camera 2(as ref)) = \n",
      "[[ 0.9999758  -0.00526746 -0.00455244  0.        ]\n",
      " [ 0.00525195  0.9999804  -0.00341384  0.        ]\n",
      " [ 0.00457033  0.00338984  0.9999838   0.        ]\n",
      " [ 0.          0.          0.          1.        ]]\n",
      "\n",
      "data[R_30] (i.e., camera 0 --> camera 3(as ref)) = \n",
      "[[ 0.9995599   0.01699522 -0.02431313  0.        ]\n",
      " [-0.01704422  0.9998531  -0.00180976  0.        ]\n",
      " [ 0.0242788   0.00222336  0.9997028   0.        ]\n",
      " [ 0.          0.          0.          1.        ]]\n",
      "\n",
      "data[T_00] (i.e., camera 0 --> camera 0(as ref)) = \n",
      "[[ 2.573699e-16]\n",
      " [-1.059758e-16]\n",
      " [ 1.614870e-16]]\n",
      "\n",
      "data[T_10] (i.e., camera 0 --> camera 1(as ref)) = \n",
      "[[-0.537     ]\n",
      " [ 0.00482206]\n",
      " [-0.01252488]]\n",
      "\n",
      "data[T_20] (i.e., camera 0 --> camera 2(as ref)) = \n",
      "[[0.05956621]\n",
      " [0.00029001]\n",
      " [0.00257721]]\n",
      "\n",
      "data[T_30] (i.e., camera 0 --> camera 3(as ref)) = \n",
      "[[-0.473105  ]\n",
      " [ 0.00555147]\n",
      " [-0.00525088]]\n",
      "\n",
      "data[F_00] (i.e., rigid transform from camera 0 --> camera 0(as ref))= \n",
      "[[ 1.000000e+00  0.000000e+00  0.000000e+00  2.573699e-16]\n",
      " [ 0.000000e+00  1.000000e+00  0.000000e+00 -1.059758e-16]\n",
      " [ 0.000000e+00  0.000000e+00  1.000000e+00  1.614870e-16]\n",
      " [ 0.000000e+00  0.000000e+00  0.000000e+00  1.000000e+00]]\n",
      "\n",
      "data[F_10] (i.e., rigid transform from camera 0 --> camera 1(as ref))= \n",
      "[[ 0.9993513   0.01860866 -0.03083487 -0.537     ]\n",
      " [-0.01887662  0.9997863  -0.00842187  0.00482206]\n",
      " [ 0.03067156  0.00899847  0.999489   -0.01252488]\n",
      " [ 0.          0.          0.          1.        ]]\n",
      "\n",
      "data[F_20] (i.e., rigid transform from camera 0 --> camera 2(as ref))= \n",
      "[[ 9.999758e-01 -5.267463e-03 -4.552439e-03  5.956621e-02]\n",
      " [ 5.251945e-03  9.999804e-01 -3.413835e-03  2.900141e-04]\n",
      " [ 4.570332e-03  3.389843e-03  9.999838e-01  2.577209e-03]\n",
      " [ 0.000000e+00  0.000000e+00  0.000000e+00  1.000000e+00]]\n",
      "\n",
      "data[F_30] (i.e., rigid transform from camera 0 --> camera 3(as ref))= \n",
      "[[ 0.9995599   0.01699522 -0.02431313 -0.473105  ]\n",
      " [-0.01704422  0.9998531  -0.00180976  0.00555147]\n",
      " [ 0.0242788   0.00222336  0.9997028  -0.00525088]\n",
      " [ 0.          0.          0.          1.        ]]\n",
      "\n"
     ]
    }
   ],
   "source": [
    "cam_to_cam_file = 'calib_cam_to_cam.txt'\n",
    "data = {}\n",
    "# Load and parse the cam-to-cam calibration data\n",
    "cam_to_cam_filepath = os.path.join(my_calib_path, cam_to_cam_file)\n",
    "filedata = read_calib_file(cam_to_cam_filepath)\n",
    "\n",
    "# Create 4x4 matrices from the raw rotation matrices\n",
    "R_00 = np.eye(4)\n",
    "R_00[0:3, 0:3] = np.reshape(filedata['R_00'], (3, 3))\n",
    "\n",
    "R_10 = np.eye(4)\n",
    "R_10[0:3, 0:3] = np.reshape(filedata['R_01'], (3, 3))\n",
    "\n",
    "R_20 = np.eye(4)\n",
    "R_20[0:3, 0:3] = np.reshape(filedata['R_02'], (3, 3))\n",
    "\n",
    "R_30 = np.eye(4)\n",
    "R_30[0:3, 0:3] = np.reshape(filedata['R_03'], (3, 3))\n",
    "\n",
    "data['R_00'] = R_00\n",
    "data['R_10'] = R_10\n",
    "data['R_20'] = R_20\n",
    "data['R_30'] = R_30\n",
    "print (\"===> Read files for the raw matrices\")\n",
    "for i in range(0,4):\n",
    "    k = 'R_%d0'%(i)\n",
    "    print (\"data[%s] (i.e., camera 0 --> camera %d(as ref)) = \\n%s\\n\" %(k, i, data[k]))\n",
    "# translation T\n",
    "for i in range(0,4):\n",
    "    k = 'T_%d0'%(i)\n",
    "    data['%s'%k] = np.reshape(filedata['T_0%d'%(i)], (3, 1))\n",
    "    print (\"data[%s] (i.e., camera 0 --> camera %d(as ref)) = \\n%s\\n\" %(k, i, data[k]))\n",
    "\n",
    "# get a rigid transform from rotation and translation F = [ R | T]\n",
    "for i in range(0,4):\n",
    "    k = 'F_%d0'%(i)\n",
    "    data['%s'%k] = transform_from_rot_trans(R=data['R_%d0'%(i)][:3,:3], t=data['T_%d0'%(i)])\n",
    "    print (\"data[%s] (i.e., rigid transform from camera 0 --> camera %d(as ref))= \\n%s\\n\" %(k, i, data[k]))"
   ]
  },
  {
   "cell_type": "markdown",
   "metadata": {},
   "source": [
    "- Read files for the rectifying projection matrices, which projects a 3D point in rectified (rotated) camera (0) coordinates to a 2D point in the i'th camera image (i.e., from camera to image).\n",
    "- See the definition of $\\mathbf{P}^{(i)}_{\\text{rect}}$:\n",
    "\n",
    "$$\n",
    "\\mathbf{P}^{(i)}_{\\text{rect}} = \\begin{bmatrix}\n",
    "f_u^{(i)} & 0 & c_u^{(i)} & -f_u^{(i)} b_x^{(i)}\\\\\n",
    "0 & f_v^{(i)} & c_v^{(i)} & 0 \\\\\n",
    "0 & 0 & 1 & 0\n",
    "\\end{bmatrix}\n",
    "$$"
   ]
  },
  {
   "cell_type": "markdown",
   "metadata": {},
   "source": [
    "- If we follow the notation of $T_a^b$ for $a \\rightarrow b$ with `b` as reference coordinate system, then $$\\mathbf{P}^{(i)}_{\\text{rect}} \\rightarrow \\mathbf{P}^{(i)}_{\\text{rect}} = T^{\\text{rect_img-i}}_{\\text{rect_cam-0}}$$ meaning projecting points from rect-camera $0 \\rightarrow$ rect-camera $i$'s image."
   ]
  },
  {
   "cell_type": "markdown",
   "metadata": {},
   "source": [
    "- Please note: $-b_x^{(i)} = \\frac{\\mathbf{P}^{(i)}_{\\text{rect}}[0,3]}{\\mathbf{P}^{(i)}_{\\text{rect}}[0,0]}$, which will be used to compute the rectified extrinsics from cam0 to camN if necessary."
   ]
  },
  {
   "cell_type": "code",
   "execution_count": 5,
   "metadata": {},
   "outputs": [
    {
     "name": "stdout",
     "output_type": "stream",
     "text": [
      "===> Read files for the rectifying projection matrices, i.e., camera to image\n",
      "data[P_rect_00] (i.e., rect camera 0 --> rect image 0(ref))= \n",
      "[[721.5377   0.     609.5593   0.    ]\n",
      " [  0.     721.5377 172.854    0.    ]\n",
      " [  0.       0.       1.       0.    ]]\n",
      "\n",
      "data[P_rect_10] (i.e., rect camera 0 --> rect image 1(ref))= \n",
      "[[ 721.5377    0.      609.5593 -387.5744]\n",
      " [   0.      721.5377  172.854     0.    ]\n",
      " [   0.        0.        1.        0.    ]]\n",
      "\n",
      "data[P_rect_20] (i.e., rect camera 0 --> rect image 2(ref))= \n",
      "[[7.215377e+02 0.000000e+00 6.095593e+02 4.485728e+01]\n",
      " [0.000000e+00 7.215377e+02 1.728540e+02 2.163791e-01]\n",
      " [0.000000e+00 0.000000e+00 1.000000e+00 2.745884e-03]]\n",
      "\n",
      "data[P_rect_30] (i.e., rect camera 0 --> rect image 3(ref))= \n",
      "[[ 7.215377e+02  0.000000e+00  6.095593e+02 -3.395242e+02]\n",
      " [ 0.000000e+00  7.215377e+02  1.728540e+02  2.199936e+00]\n",
      " [ 0.000000e+00  0.000000e+00  1.000000e+00  2.729905e-03]]\n",
      "\n"
     ]
    }
   ],
   "source": [
    "# Create 3x4 projection matrices\n",
    "P_rect_00 = np.reshape(filedata['P_rect_00'], (3, 4))\n",
    "P_rect_10 = np.reshape(filedata['P_rect_01'], (3, 4))\n",
    "P_rect_20 = np.reshape(filedata['P_rect_02'], (3, 4))\n",
    "P_rect_30 = np.reshape(filedata['P_rect_03'], (3, 4))\n",
    "\n",
    "data['P_rect_00'] = P_rect_00\n",
    "data['P_rect_10'] = P_rect_10\n",
    "data['P_rect_20'] = P_rect_20\n",
    "data['P_rect_30'] = P_rect_30\n",
    "\n",
    "print (\"===> Read files for the rectifying projection matrices, i.e., camera to image\")\n",
    "for i in range(0,4):\n",
    "    k = 'P_rect_%d0'%(i)\n",
    "    print (\"data[%s] (i.e., rect camera 0 --> rect image %d(ref))= \\n%s\\n\" %(k, i, data[k]))"
   ]
  },
  {
   "cell_type": "markdown",
   "metadata": {},
   "source": [
    "- Read files for the rectifying rotation matrices"
   ]
  },
  {
   "cell_type": "code",
   "execution_count": 6,
   "metadata": {},
   "outputs": [
    {
     "name": "stdout",
     "output_type": "stream",
     "text": [
      "===> Read files for the rectifying rotation matrices\n",
      "data[R_rect_00] (i.e., rect camera 0 --> rect camera 0 (as ref))= \n",
      "[[ 0.9999239   0.00983776 -0.00744505  0.        ]\n",
      " [-0.0098698   0.9999421  -0.00427846  0.        ]\n",
      " [ 0.00740253  0.00435161  0.9999631   0.        ]\n",
      " [ 0.          0.          0.          1.        ]]\n",
      "\n",
      "data[R_rect_10] (i.e., rect camera 0 --> rect camera 1 (as ref))= \n",
      "[[ 0.9996878  -0.00897683  0.02331651  0.        ]\n",
      " [ 0.00887612  0.9999508   0.00441895  0.        ]\n",
      " [-0.02335503 -0.00421061  0.9997184   0.        ]\n",
      " [ 0.          0.          0.          1.        ]]\n",
      "\n",
      "data[R_rect_20] (i.e., rect camera 0 --> rect camera 2 (as ref))= \n",
      "[[ 9.998817e-01  1.511453e-02 -2.841595e-03  0.000000e+00]\n",
      " [-1.511724e-02  9.998853e-01 -9.338510e-04  0.000000e+00]\n",
      " [ 2.827154e-03  9.766976e-04  9.999955e-01  0.000000e+00]\n",
      " [ 0.000000e+00  0.000000e+00  0.000000e+00  1.000000e+00]]\n",
      "\n",
      "data[R_rect_30] (i.e., rect camera 0 --> rect camera 3 (as ref))= \n",
      "[[ 0.9998321  -0.00719314  0.01685599  0.        ]\n",
      " [ 0.0072328   0.9999712  -0.00229358  0.        ]\n",
      " [-0.01683901  0.00241512  0.9998553   0.        ]\n",
      " [ 0.          0.          0.          1.        ]]\n",
      "\n"
     ]
    }
   ],
   "source": [
    "# Create 4x4 matrices from the rectifying rotation matrices\n",
    "R_rect_00 = np.eye(4)\n",
    "R_rect_00[0:3, 0:3] = np.reshape(filedata['R_rect_00'], (3, 3))\n",
    "\n",
    "R_rect_10 = np.eye(4)\n",
    "R_rect_10[0:3, 0:3] = np.reshape(filedata['R_rect_01'], (3, 3))\n",
    "\n",
    "R_rect_20 = np.eye(4)\n",
    "R_rect_20[0:3, 0:3] = np.reshape(filedata['R_rect_02'], (3, 3))\n",
    "\n",
    "R_rect_30 = np.eye(4)\n",
    "R_rect_30[0:3, 0:3] = np.reshape(filedata['R_rect_03'], (3, 3))\n",
    "\n",
    "data['R_rect_00'] = R_rect_00\n",
    "data['R_rect_10'] = R_rect_10\n",
    "data['R_rect_20'] = R_rect_20\n",
    "data['R_rect_30'] = R_rect_30\n",
    "\n",
    "print (\"===> Read files for the rectifying rotation matrices\")\n",
    "for i in range(0,4):\n",
    "    k = 'R_rect_%d0'%(i)\n",
    "    print (\"data[%s] (i.e., rect camera 0 --> rect camera %d (as ref))= \\n%s\\n\" %(k, i, data[k]))"
   ]
  },
  {
   "cell_type": "markdown",
   "metadata": {},
   "source": [
    "- Read a rigid transform calibration file as a numpy.array"
   ]
  },
  {
   "cell_type": "code",
   "execution_count": 7,
   "metadata": {},
   "outputs": [],
   "source": [
    "def _load_calib_rigid(filename):\n",
    "    \"\"\"Read a rigid transform calibration file as a numpy.array.\"\"\"\n",
    "    filepath = os.path.join(my_calib_path, filename)\n",
    "    data = read_calib_file(filepath)\n",
    "    return transform_from_rot_trans(data['R'], data['T'])"
   ]
  },
  {
   "cell_type": "markdown",
   "metadata": {},
   "source": [
    "- We'll return the camera calibration as a dictionary, and load the rigid transformation from velodyne coordinates to unrectified cam0 coordinates.\n",
    "- The code is extracted from unction `_load_calib_cam_to_cam( ...)` and `_load_calib` in file `pykitti-raw/pykitti/raw.py` "
   ]
  },
  {
   "cell_type": "markdown",
   "metadata": {},
   "source": [
    "- This is an example `calib_velo_to_cam.txt` file:\n",
    "\n",
    "```plain\n",
    "calib_time: 15-Mar-2012 11:37:16\n",
    "R: 7.533745e-03 -9.999714e-01 -6.166020e-04 1.480249e-02 7.280733e-04 -9.998902e-01 9.998621e-01 7.523790e-03 1.480755e-02\n",
    "T: -4.069766e-03 -7.631618e-02 -2.717806e-01\n",
    "delta_f: 0.000000e+00 0.000000e+00\n",
    "delta_c: 0.000000e+00 0.000000e+00\n",
    "```"
   ]
  },
  {
   "cell_type": "code",
   "execution_count": 8,
   "metadata": {},
   "outputs": [],
   "source": [
    "    velo_to_cam_file = 'calib_velo_to_cam.txt'\n",
    "    cam_to_cam_file = 'calib_cam_to_cam.txt'\n",
    "    \n",
    "    # We'll return the camera calibration as a dictionary\n",
    "    data = {}\n",
    "\n",
    "    # Load the rigid transformation from velodyne coordinates\n",
    "    # to unrectified cam0 coordinates\n",
    "    T_cam0unrect_velo = _load_calib_rigid(velo_to_cam_file)\n",
    "    data['T_cam0_velo_unrect'] = T_cam0unrect_velo\n",
    "\n",
    "    # Load and parse the cam-to-cam calibration data\n",
    "    cam_to_cam_filepath = os.path.join(my_calib_path, cam_to_cam_file)\n",
    "    filedata = read_calib_file(cam_to_cam_filepath)\n",
    "\n",
    "    # Create 3x4 projection matrices\n",
    "    P_rect_00 = np.reshape(filedata['P_rect_00'], (3, 4))\n",
    "    P_rect_10 = np.reshape(filedata['P_rect_01'], (3, 4))\n",
    "    P_rect_20 = np.reshape(filedata['P_rect_02'], (3, 4))\n",
    "    P_rect_30 = np.reshape(filedata['P_rect_03'], (3, 4))\n",
    "\n",
    "    data['P_rect_00'] = P_rect_00\n",
    "    data['P_rect_10'] = P_rect_10\n",
    "    data['P_rect_20'] = P_rect_20\n",
    "    data['P_rect_30'] = P_rect_30\n",
    "\n",
    "    # Create 4x4 matrices from the rectifying rotation matrices\n",
    "    R_rect_00 = np.eye(4)\n",
    "    R_rect_00[0:3, 0:3] = np.reshape(filedata['R_rect_00'], (3, 3))\n",
    "    R_rect_10 = np.eye(4)\n",
    "    R_rect_10[0:3, 0:3] = np.reshape(filedata['R_rect_01'], (3, 3))\n",
    "    R_rect_20 = np.eye(4)\n",
    "    R_rect_20[0:3, 0:3] = np.reshape(filedata['R_rect_02'], (3, 3))\n",
    "    R_rect_30 = np.eye(4)\n",
    "    R_rect_30[0:3, 0:3] = np.reshape(filedata['R_rect_03'], (3, 3))\n",
    "\n",
    "    data['R_rect_00'] = R_rect_00\n",
    "    data['R_rect_10'] = R_rect_10\n",
    "    data['R_rect_20'] = R_rect_20\n",
    "    data['R_rect_30'] = R_rect_30"
   ]
  },
  {
   "cell_type": "markdown",
   "metadata": {},
   "source": [
    "- Compute the rectified extrinsics from cam0 to camN:\n",
    "- `Rectified` means only pure translation between camearas, so the extrinsics is E = [I | T] (ignore the matrix natation abuse of E here and the T0, T1, T2, T3 in the code)."
   ]
  },
  {
   "cell_type": "code",
   "execution_count": 9,
   "metadata": {},
   "outputs": [],
   "source": [
    "    # Compute the rectified extrinsics from cam0 to camN\n",
    "    T0 = np.eye(4)\n",
    "    T0[0, 3] = P_rect_00[0, 3] / P_rect_00[0, 0] # to get baseline\n",
    "    \n",
    "    T1 = np.eye(4)\n",
    "    T1[0, 3] = P_rect_10[0, 3] / P_rect_10[0, 0]\n",
    "    \n",
    "    T2 = np.eye(4)\n",
    "    T2[0, 3] = P_rect_20[0, 3] / P_rect_20[0, 0]\n",
    "    \n",
    "    T3 = np.eye(4)\n",
    "    T3[0, 3] = P_rect_30[0, 3] / P_rect_30[0, 0]"
   ]
  },
  {
   "cell_type": "markdown",
   "metadata": {},
   "source": [
    "- The following code can be interporated as Eq(7):"
   ]
  },
  {
   "cell_type": "code",
   "execution_count": 10,
   "metadata": {},
   "outputs": [
    {
     "name": "stdout",
     "output_type": "stream",
     "text": [
      "===> Read files for the velodyne to rectified camera coordinate transforms\n",
      "data[T_cam0_velo] (i.e., velo --> rectified camera 0 (as ref))= \n",
      "[[ 2.34773698e-04 -9.99944155e-01 -1.05634778e-02 -2.79681694e-03]\n",
      " [ 1.04494074e-02  1.05653536e-02 -9.99889574e-01 -7.51087914e-02]\n",
      " [ 9.99945389e-01  1.24365378e-04  1.04513030e-02 -2.72132796e-01]\n",
      " [ 0.00000000e+00  0.00000000e+00  0.00000000e+00  1.00000000e+00]]\n",
      "\n",
      "data[T_cam1_velo] (i.e., velo --> rectified camera 1 (as ref))= \n",
      "[[ 2.34773698e-04 -9.99944155e-01 -1.05634778e-02 -5.39947405e-01]\n",
      " [ 1.04494074e-02  1.05653536e-02 -9.99889574e-01 -7.51087914e-02]\n",
      " [ 9.99945389e-01  1.24365378e-04  1.04513030e-02 -2.72132796e-01]\n",
      " [ 0.00000000e+00  0.00000000e+00  0.00000000e+00  1.00000000e+00]]\n",
      "\n",
      "data[T_cam2_velo] (i.e., velo --> rectified camera 2 (as ref))= \n",
      "[[ 2.34773698e-04 -9.99944155e-01 -1.05634778e-02  5.93721868e-02]\n",
      " [ 1.04494074e-02  1.05653536e-02 -9.99889574e-01 -7.51087914e-02]\n",
      " [ 9.99945389e-01  1.24365378e-04  1.04513030e-02 -2.72132796e-01]\n",
      " [ 0.00000000e+00  0.00000000e+00  0.00000000e+00  1.00000000e+00]]\n",
      "\n",
      "data[T_cam3_velo] (i.e., velo --> rectified camera 3 (as ref))= \n",
      "[[ 2.34773698e-04 -9.99944155e-01 -1.05634778e-02 -4.73353241e-01]\n",
      " [ 1.04494074e-02  1.05653536e-02 -9.99889574e-01 -7.51087914e-02]\n",
      " [ 9.99945389e-01  1.24365378e-04  1.04513030e-02 -2.72132796e-01]\n",
      " [ 0.00000000e+00  0.00000000e+00  0.00000000e+00  1.00000000e+00]]\n",
      "\n"
     ]
    }
   ],
   "source": [
    "    # Compute the velodyne to rectified camera coordinate transforms\n",
    "    data['T_cam0_velo'] = T0.dot(R_rect_00.dot(T_cam0unrect_velo))\n",
    "    data['T_cam1_velo'] = T1.dot(R_rect_00.dot(T_cam0unrect_velo))\n",
    "    data['T_cam2_velo'] = T2.dot(R_rect_00.dot(T_cam0unrect_velo))\n",
    "    data['T_cam3_velo'] = T3.dot(R_rect_00.dot(T_cam0unrect_velo))\n",
    "    print (\"===> Read files for the velodyne to rectified camera coordinate transforms\")\n",
    "    for i in range(0,4):\n",
    "        k = 'T_cam%d_velo'%(i)\n",
    "        print (\"data[%s] (i.e., velo --> rectified camera %d (as ref))= \\n%s\\n\" %(k, i, data[k]))"
   ]
  },
  {
   "cell_type": "markdown",
   "metadata": {},
   "source": [
    "- Compute the camera intrinsics"
   ]
  },
  {
   "cell_type": "code",
   "execution_count": 11,
   "metadata": {},
   "outputs": [
    {
     "name": "stdout",
     "output_type": "stream",
     "text": [
      "===> Read files for the velodyne to rectified camera coordinate transforms\n",
      "data[K_cam0] (i.e., camera 0 intrinsics = \n",
      "[[721.5377   0.     609.5593]\n",
      " [  0.     721.5377 172.854 ]\n",
      " [  0.       0.       1.    ]]\n",
      "\n",
      "data[K_cam1] (i.e., camera 1 intrinsics = \n",
      "[[721.5377   0.     609.5593]\n",
      " [  0.     721.5377 172.854 ]\n",
      " [  0.       0.       1.    ]]\n",
      "\n",
      "data[K_cam2] (i.e., camera 2 intrinsics = \n",
      "[[721.5377   0.     609.5593]\n",
      " [  0.     721.5377 172.854 ]\n",
      " [  0.       0.       1.    ]]\n",
      "\n",
      "data[K_cam3] (i.e., camera 3 intrinsics = \n",
      "[[721.5377   0.     609.5593]\n",
      " [  0.     721.5377 172.854 ]\n",
      " [  0.       0.       1.    ]]\n",
      "\n"
     ]
    }
   ],
   "source": [
    "    # Compute the camera intrinsics\n",
    "    data['K_cam0'] = P_rect_00[0:3, 0:3]\n",
    "    data['K_cam1'] = P_rect_10[0:3, 0:3]\n",
    "    data['K_cam2'] = P_rect_20[0:3, 0:3]\n",
    "    data['K_cam3'] = P_rect_30[0:3, 0:3]\n",
    "    print (\"===> Read files for the velodyne to rectified camera coordinate transforms\")\n",
    "    for i in range(0,4):\n",
    "        k = 'K_cam%d'%(i)\n",
    "        print (\"data[%s] (i.e., camera %d intrinsics = \\n%s\\n\" %(k, i, data[k]))"
   ]
  },
  {
   "cell_type": "markdown",
   "metadata": {},
   "source": [
    "- Compute the stereo baselines in meters by projecting the origin of each camera frame into the velodyne frame and computing the distances between them:"
   ]
  },
  {
   "cell_type": "markdown",
   "metadata": {},
   "source": [
    "$$y^{\\text{velo}}_{\\text{cam-i-ORG}} = \\mathbf{T}^{velo}_{\\text{cam-i}} \\mathbf{x}^\\text{cam-i}_{\\text{cam-i-ORG}}$$"
   ]
  },
  {
   "cell_type": "markdown",
   "metadata": {},
   "source": [
    "- It is true for all the camera origin in its own coordinate system, orig-cam-i = $[0, 0, 0, 1]^T$. "
   ]
  },
  {
   "cell_type": "code",
   "execution_count": 12,
   "metadata": {},
   "outputs": [
    {
     "name": "stdout",
     "output_type": "stream",
     "text": [
      "===> Compute the stereo baselines in meters\n",
      "p_velo0 (i.e., rectified camera 0's origin in velo system) = [ 0.27290343 -0.00196927 -0.0722859   1.        ]\n",
      "\n",
      "p_velo1 (i.e., rectified camera 1's origin in velo system) = [ 0.27302954 -0.53908988 -0.07796008  1.        ]\n",
      "\n",
      "p_velo2 (i.e., rectified camera 2's origin in velo system) = [ 0.27288883  0.06019627 -0.07162918  1.        ]\n",
      "\n",
      "p_velo3 (i.e., rectified camera 3's origin in velo system) = [ 0.2730139  -0.47249943 -0.07725661  1.        ]\n",
      "\n",
      "gray baseline between cam0 and cam1 = 0.537151 (in meters)\n",
      "rgb baseline between cam2 and cam3 = 0.532725 (in meters)\n"
     ]
    }
   ],
   "source": [
    "    # Compute the stereo baselines in meters by projecting the origin of\n",
    "    # each camera frame into the velodyne frame and computing the distances\n",
    "    # between them\n",
    "    p_cam = np.array([0, 0, 0, 1]) # It is true for all the camera origin in its own coordinate system.\n",
    "    p_velo0 = np.linalg.inv(data['T_cam0_velo']).dot(p_cam)\n",
    "    p_velo1 = np.linalg.inv(data['T_cam1_velo']).dot(p_cam)\n",
    "    p_velo2 = np.linalg.inv(data['T_cam2_velo']).dot(p_cam)\n",
    "    p_velo3 = np.linalg.inv(data['T_cam3_velo']).dot(p_cam)\n",
    "    print (\"===> Compute the stereo baselines in meters\")\n",
    "    for i, v in enumerate([p_velo0, p_velo1, p_velo2, p_velo3]):\n",
    "        k = 'p_velo%d'%(i)\n",
    "        print (\"%s (i.e., rectified camera %d's origin in velo system) = %s\\n\" %(k, i, v))\n",
    "    data['b_gray'] = np.linalg.norm(p_velo1 - p_velo0)  # gray baseline\n",
    "    print (\"gray baseline between cam0 and cam1 = %f (in meters)\" % data['b_gray'])\n",
    "    data['b_rgb'] = np.linalg.norm(p_velo3 - p_velo2)   # rgb baseline\n",
    "    print (\"rgb baseline between cam2 and cam3 = %f (in meters)\" % data['b_rgb'])"
   ]
  },
  {
   "cell_type": "markdown",
   "metadata": {},
   "source": [
    "## 5. Depth Maps Projected from Velodyne Points"
   ]
  },
  {
   "cell_type": "markdown",
   "metadata": {},
   "source": [
    "- Let get a depth map for rectified camera-2 by projecting Velodyne points to camera coordinates, using `pykitti` code."
   ]
  },
  {
   "cell_type": "code",
   "execution_count": 13,
   "metadata": {},
   "outputs": [],
   "source": [
    "import pykitti\n",
    "# Change this to the directory where you store KITTI data\n",
    "my_base_path = '/media/ccjData3_HDD/datasets/kitti_raw/rawdata'\n",
    "# Specify the dataset to load\n",
    "date = '2011_09_26'\n",
    "drive = '0001'\n",
    "\n",
    "# Load the data. Optionally, specify the frame range to load.\n",
    "# dataset = pykitti.raw(basedir, date, drive)\n",
    "my_dataset = pykitti.raw(my_base_path, date, drive, frames=range(0, 20, 5))"
   ]
  },
  {
   "cell_type": "markdown",
   "metadata": {},
   "source": [
    "pykitti.raw() will load and parse raw data into a usable format, e.g., `dataset = pykitti.raw(...)`:\n",
    "\n",
    "```\n",
    "- dataset.calib:         Calibration data are accessible as a named tuple\n",
    "- dataset.timestamps:    Timestamps are parsed into a list of datetime objects\n",
    "- dataset.oxts:          List of OXTS packets and 6-dof poses as named tuples\n",
    "- dataset.camN:          Returns a generator that loads individual images from camera N\n",
    "- dataset.get_camN(idx): Returns the image from camera N at idx\n",
    "- dataset.gray:          Returns a generator that loads monochrome stereo pairs (cam0, cam1)\n",
    "- dataset.get_gray(idx): Returns the monochrome stereo pair at idx\n",
